       00000000
              0       00000055
              1       000000AA
              2       00000011
              3       00000033
              4       00000022
              5       00000044
              6       00000055
              7       00000066
              8       00000077
              9       00000088
             10       00000099
             11       000000BB
             12       000000CC
             13       000000DD
             14       000000EE
             15       00000100
             16       00000200
             17       00000300
             18       00000400
             19       00000500
             20       00000600
             21       00000700
             22       00000800
             23       00000900
             24       00000A00
             25       00000B00
             26       00000C00
             27       00000D00
             28       00000E00
             29       00000110
             30       00000220
             31       00000320
             32       00000420
             33       00000520
             34       00000620
             35       00000720
             36       00000820
             37       00000920
             38       00000A20
             39       00000B20
             40       00000C20
             41       00000D20
             42       00000E20
             43       00000F20
             44       00000330
             45       00000340
             46       00000350
             47       00000360
       00000000
              0       00000055
              1       000000AA
              2       00000011
              3       00000033
              4       00000022
              5       00000044
              6       00000055
              7       00000066
              8       00000077
              9       00000088
             10       00000099
             11       000000BB
             12       000000CC
             13       000000DD
             14       000000EE
             15       00000100
             16       00000200
             17       00000300
             18       00000400
             19       00000500
             20       00000600
             21       00000700
             22       00000800
             23       00000900
             24       00000A00
             25       00000B00
             26       00000C00
             27       00000D00
             28       00000E00
             29       00000110
             30       00000220
             31       00000320
             32       00000420
             33       00000520
             34       00000620
             35       00000720
             36       00000820
             37       00000920
             38       00000A20
             39       00000B20
             40       00000C20
             41       00000D20
             42       00000E20
             43       00000F20
             44       00000330
             45       00000340
             46       00000350
             47       00000360
       00000000
              0       00000055
              1       000000AA
              2       00000011
              3       00000033
              4       00000022
              5       00000044
              6       00000055
              7       00000066
              8       00000077
              9       00000088
             10       00000099
             11       000000BB
             12       000000CC
             13       000000DD
             14       000000EE
             15       00000100
             16       00000200
             17       00000300
             18       00000400
             19       00000500
             20       00000600
             21       00000700
             22       00000800
             23       00000900
             24       00000A00
             25       00000B00
             26       00000C00
             27       00000D00
             28       00000E00
             29       00000110
             30       00000220
             31       00000320
             32       00000420
             33       00000520
             34       00000620
             35       00000720
             36       00000820
             37       00000920
             38       00000A20
             39       00000B20
             40       00000C20
             41       00000D20
             42       00000E20
             43       00000F20
             44       00000330
             45       00000340
             46       00000350
             47       00000360
       00000000
              0       00000055
              1       000000AA
              2       00000011
              3       00000033
              4       00000022
              5       00000044
              6       00000055
              7       00000066
              8       00000077
              9       00000088
             10       00000099
             11       000000BB
             12       000000CC
             13       000000DD
             14       000000EE
             15       00000100
             16       00000200
             17       00000300
             18       00000400
             19       00000500
             20       00000600
             21       00000700
             22       00000800
             23       00000900
             24       00000A00
             25       00000B00
             26       00000C00
             27       00000D00
             28       00000E00
             29       00000110
             30       00000220
             31       00000320
             32       00000420
             33       00000520
             34       00000620
             35       00000720
             36       00000820
             37       00000920
             38       00000A20
             39       00000B20
             40       00000C20
             41       00000D20
             42       00000E20
             43       00000F20
             44       00000330
             45       00000340
             46       00000350
             47       00000360
       00000000
              0       00000055
              1       000000AA
              2       00000011
              3       00000033
              4       00000022
              5       00000044
              6       00000055
              7       00000066
              8       00000077
              9       00000088
             10       00000099
             11       000000BB
             12       000000CC
             13       000000DD
             14       000000EE
             15       00000100
             16       00000200
             17       00000300
             18       00000400
             19       00000500
             20       00000600
             21       00000700
             22       00000800
             23       00000900
             24       00000A00
             25       00000B00
             26       00000C00
             27       00000D00
             28       00000E00
             29       00000110
             30       00000220
             31       00000320
             32       00000420
             33       00000520
             34       00000620
             35       00000720
             36       00000820
             37       00000920
             38       00000A20
             39       00000B20
             40       00000C20
             41       00000D20
             42       00000E20
             43       00000F20
             44       00000330
             45       00000340
             46       00000350
             47       00000360
       00000004
              0       00000055
              1       000000AA
              2       00000011
              3       00000033
              4       00000022
              5       00000044
              6       00000055
              7       00000066
              8       00000077
              9       00000088
             10       00000099
             11       000000BB
             12       000000CC
             13       000000DD
             14       000000EE
             15       00000100
             16       00000200
             17       00000300
             18       00000400
             19       00000500
             20       00000600
             21       00000700
             22       00000800
             23       00000900
             24       00000A00
             25       00000B00
             26       00000C00
             27       00000D00
             28       00000E00
             29       00000110
             30       00000220
             31       00000320
             32       00000420
             33       00000520
             34       00000620
             35       00000720
             36       00000820
             37       00000920
             38       00000A20
             39       00000B20
             40       00000C20
             41       00000D20
             42       00000E20
             43       00000F20
             44       00000330
             45       00000340
             46       00000350
             47       00000360
       00000004
              0       00000055
              1       000000AA
              2       00000011
              3       00000033
              4       00000022
              5       00000044
              6       00000055
              7       00000066
              8       00000077
              9       00000088
             10       00000099
             11       000000BB
             12       000000CC
             13       000000DD
             14       000000EE
             15       00000100
             16       00000200
             17       00000300
             18       00000400
             19       00000500
             20       00000600
             21       00000700
             22       00000800
             23       00000900
             24       00000A00
             25       00000B00
             26       00000C00
             27       00000D00
             28       00000E00
             29       00000110
             30       00000220
             31       00000320
             32       00000420
             33       00000520
             34       00000620
             35       00000720
             36       00000820
             37       00000920
             38       00000A20
             39       00000B20
             40       00000C20
             41       00000D20
             42       00000E20
             43       00000F20
             44       00000330
             45       00000340
             46       00000350
             47       00000360
       00000008
              0       00000055
              1       000000AA
              2       00000011
              3       00000033
              4       00000022
              5       00000044
              6       00000055
              7       00000066
              8       00000077
              9       00000088
             10       00000099
             11       000000BB
             12       000000CC
             13       000000DD
             14       000000EE
             15       00000100
             16       00000200
             17       00000300
             18       00000400
             19       00000500
             20       00000600
             21       00000700
             22       00000800
             23       00000900
             24       00000A00
             25       00000B00
             26       00000C00
             27       00000D00
             28       00000E00
             29       00000110
             30       00000220
             31       00000320
             32       00000420
             33       00000520
             34       00000620
             35       00000720
             36       00000820
             37       00000920
             38       00000A20
             39       00000B20
             40       00000C20
             41       00000D20
             42       00000E20
             43       00000F20
             44       00000330
             45       00000340
             46       00000350
             47       00000360
       00000008
              0       00000055
              1       000000AA
              2       00000011
              3       00000033
              4       00000022
              5       00000044
              6       00000055
              7       00000066
              8       00000077
              9       00000088
             10       00000099
             11       000000BB
             12       000000CC
             13       000000DD
             14       000000EE
             15       00000100
             16       00000200
             17       00000300
             18       00000400
             19       00000500
             20       00000600
             21       00000700
             22       00000800
             23       00000900
             24       00000A00
             25       00000B00
             26       00000C00
             27       00000D00
             28       00000E00
             29       00000110
             30       00000220
             31       00000320
             32       00000420
             33       00000520
             34       00000620
             35       00000720
             36       00000820
             37       00000920
             38       00000A20
             39       00000B20
             40       00000C20
             41       00000D20
             42       00000E20
             43       00000F20
             44       00000330
             45       00000340
             46       00000350
             47       00000360
       0000000C
              0       00000055
              1       000000AA
              2       00000011
              3       00000033
              4       00000022
              5       00000044
              6       00000055
              7       00000066
              8       00000077
              9       00000088
             10       00000099
             11       000000BB
             12       000000CC
             13       000000DD
             14       000000EE
             15       00000100
             16       00000200
             17       00000300
             18       00000400
             19       00000500
             20       00000600
             21       00000700
             22       00000800
             23       00000900
             24       00000A00
             25       00000B00
             26       00000C00
             27       00000D00
             28       00000E00
             29       00000110
             30       00000220
             31       00000320
             32       00000420
             33       00000520
             34       00000620
             35       00000720
             36       00000820
             37       00000920
             38       00000A20
             39       00000B20
             40       00000C20
             41       00000D20
             42       00000E20
             43       00000F20
             44       00000330
             45       00000340
             46       00000350
             47       00000360
       0000000C
              0       00000055
              1       000000AA
              2       00000011
              3       00000033
              4       00000022
              5       00000044
              6       00000055
              7       00000066
              8       00000077
              9       00000088
             10       00000099
             11       000000BB
             12       000000CC
             13       000000DD
             14       000000EE
             15       00000100
             16       00000200
             17       00000300
             18       00000400
             19       00000500
             20       00000600
             21       00000700
             22       00000800
             23       00000900
             24       00000A00
             25       00000B00
             26       00000C00
             27       00000D00
             28       00000E00
             29       00000110
             30       00000220
             31       00000320
             32       00000420
             33       00000520
             34       00000620
             35       00000720
             36       00000820
             37       00000920
             38       00000A20
             39       00000B20
             40       00000C20
             41       00000D20
             42       00000E20
             43       00000F20
             44       00000330
             45       00000340
             46       00000350
             47       00000360
       00000010
              0       00000055
              1       000000AA
              2       00000011
              3       00000033
              4       00000022
              5       00000044
              6       00000055
              7       00000066
              8       00000077
              9       00000088
             10       00000099
             11       000000BB
             12       000000CC
             13       000000DD
             14       000000EE
             15       00000100
             16       00000200
             17       00000300
             18       00000400
             19       00000500
             20       00000600
             21       00000700
             22       00000800
             23       00000900
             24       00000A00
             25       00000B00
             26       00000C00
             27       00000D00
             28       00000E00
             29       00000110
             30       00000220
             31       00000320
             32       00000420
             33       00000520
             34       00000620
             35       00000720
             36       00000820
             37       00000920
             38       00000A20
             39       00000B20
             40       00000C20
             41       00000D20
             42       00000E20
             43       00000F20
             44       00000330
             45       00000340
             46       00000350
             47       00000360
       00000010
              0       00000055
              1       000000AA
              2       00000011
              3       00000033
              4       00000022
              5       00000044
              6       00000055
              7       00000066
              8       00000077
              9       00000088
             10       00000099
             11       000000BB
             12       000000CC
             13       000000DD
             14       000000EE
             15       00000100
             16       00000200
             17       00000300
             18       00000400
             19       00000500
             20       00000600
             21       00000700
             22       00000800
             23       00000900
             24       00000A00
             25       00000B00
             26       00000C00
             27       00000D00
             28       00000E00
             29       00000110
             30       00000220
             31       00000320
             32       00000420
             33       00000520
             34       00000620
             35       00000720
             36       00000820
             37       00000920
             38       00000A20
             39       00000B20
             40       00000C20
             41       00000D20
             42       00000E20
             43       00000F20
             44       00000330
             45       00000340
             46       00000350
             47       00000360
       00000010
              0       00000055
              1       000000AA
              2       00000011
              3       00000033
              4       00000022
              5       00000044
              6       00000055
              7       00000066
              8       00000077
              9       00000088
             10       00000099
             11       000000BB
             12       000000CC
             13       000000DD
             14       000000EE
             15       00000100
             16       00000200
             17       00000300
             18       00000400
             19       00000500
             20       00000600
             21       00000700
             22       00000800
             23       00000900
             24       00000A00
             25       00000B00
             26       00000C00
             27       00000D00
             28       00000E00
             29       00000110
             30       00000220
             31       00000320
             32       00000420
             33       00000520
             34       00000620
             35       00000720
             36       00000820
             37       00000920
             38       00000A20
             39       00000B20
             40       00000C20
             41       00000D20
             42       00000E20
             43       00000F20
             44       00000330
             45       00000340
             46       00000350
             47       00000360
       00000014
              0       00000055
              1       000000AA
              2       00000011
              3       00000033
              4       00000022
              5       00000044
              6       00000055
              7       00000066
              8       00000077
              9       00000088
             10       00000099
             11       000000BB
             12       000000CC
             13       000000DD
             14       000000EE
             15       00000100
             16       00000200
             17       00000300
             18       00000400
             19       00000500
             20       00000600
             21       00000700
             22       00000800
             23       00000900
             24       00000A00
             25       00000B00
             26       00000C00
             27       00000D00
             28       00000E00
             29       00000110
             30       00000220
             31       00000320
             32       00000420
             33       00000520
             34       00000620
             35       00000720
             36       00000820
             37       00000920
             38       00000A20
             39       00000B20
             40       00000C20
             41       00000D20
             42       00000E20
             43       00000F20
             44       00000330
             45       00000340
             46       00000350
             47       00000360
       00000018
              0       00000055
              1       000000AA
              2       00000011
              3       00000033
              4       00000022
              5       00000044
              6       00000055
              7       00000066
              8       00000077
              9       00000088
             10       00000099
             11       000000BB
             12       000000CC
             13       000000DD
             14       000000EE
             15       00000100
             16       00000200
             17       00000300
             18       00000400
             19       00000500
             20       00000600
             21       00000700
             22       00000800
             23       00000900
             24       00000A00
             25       00000B00
             26       00000C00
             27       00000D00
             28       00000E00
             29       00000110
             30       00000220
             31       00000320
             32       00000420
             33       00000520
             34       00000620
             35       00000720
             36       00000820
             37       00000920
             38       00000A20
             39       00000B20
             40       00000C20
             41       00000D20
             42       00000E20
             43       00000F20
             44       00000330
             45       00000340
             46       00000350
             47       00000360
       00000018
              0       00000055
              1       000000AA
              2       00000011
              3       00000033
              4       00000022
              5       00000044
              6       00000055
              7       00000066
              8       00000077
              9       00000088
             10       00000099
             11       000000BB
             12       000000CC
             13       000000DD
             14       000000EE
             15       00000100
             16       00000200
             17       00000300
             18       00000400
             19       00000500
             20       00000600
             21       00000700
             22       00000800
             23       00000900
             24       00000A00
             25       00000B00
             26       00000C00
             27       00000D00
             28       00000E00
             29       00000110
             30       00000220
             31       00000320
             32       00000420
             33       00000520
             34       00000620
             35       00000720
             36       0000AABA
             37       00000920
             38       00000A20
             39       00000B20
             40       00000C20
             41       00000D20
             42       00000E20
             43       00000F20
             44       00000330
             45       00000340
             46       00000350
             47       00000360
       0000001C
              0       00000055
              1       000000AA
              2       00000011
              3       00000033
              4       00000022
              5       00000044
              6       00000055
              7       00000066
              8       00000077
              9       00000088
             10       00000099
             11       000000BB
             12       000000CC
             13       000000DD
             14       000000EE
             15       00000100
             16       00000200
             17       00000300
             18       00000400
             19       00000500
             20       00000600
             21       00000700
             22       00000800
             23       00000900
             24       00000A00
             25       00000B00
             26       00000C00
             27       00000D00
             28       00000E00
             29       00000110
             30       00000220
             31       00000320
             32       00000420
             33       00000520
             34       0000AABA
             35       00000720
             36       0000AABA
             37       00000920
             38       00000A20
             39       00000B20
             40       00000C20
             41       00000D20
             42       00000E20
             43       00000F20
             44       00000330
             45       00000340
             46       00000350
             47       00000360
       0000001C
              0       00000055
              1       000000AA
              2       00000011
              3       00000033
              4       00000022
              5       00000044
              6       00000055
              7       00000066
              8       00000077
              9       00000088
             10       00000099
             11       000000BB
             12       000000CC
             13       000000DD
             14       000000EE
             15       00000100
             16       00000200
             17       00000300
             18       00000400
             19       00000500
             20       00000600
             21       00000700
             22       00000800
             23       00000900
             24       00000A00
             25       00000B00
             26       00000C00
             27       00000D00
             28       00000E00
             29       00000110
             30       00000220
             31       00000320
             32       00000420
             33       00000520
             34       0000AABA
             35       00000720
             36       0000AABA
             37       00000920
             38       00000A20
             39       00000B20
             40       00000C20
             41       00000D20
             42       00000E20
             43       00000F20
             44       00000330
             45       00000340
             46       00000350
             47       00000360
       0000001C
              0       00000055
              1       000000AA
              2       00000011
              3       00000033
              4       00000022
              5       00000044
              6       00000055
              7       00000066
              8       00000077
              9       00000088
             10       00000099
             11       000000BB
             12       000000CC
             13       000000DD
             14       000000EE
             15       00000100
             16       00000200
             17       00000300
             18       00000400
             19       00000500
             20       00000600
             21       00000700
             22       00000800
             23       00000900
             24       00000A00
             25       00000B00
             26       00000C00
             27       00000D00
             28       00000E00
             29       00000110
             30       00000220
             31       00000320
             32       00000420
             33       00000520
             34       0000AABA
             35       00000720
             36       0000AABA
             37       00000920
             38       00000A20
             39       00000B20
             40       00000C20
             41       00000D20
             42       00000E20
             43       00000F20
             44       00000330
             45       00000340
             46       00000350
             47       00000360
       00000020
              0       00000055
              1       000000AA
              2       00000011
              3       00000033
              4       00000022
              5       00000044
              6       00000055
              7       00000066
              8       00000077
              9       00000088
             10       00000099
             11       000000BB
             12       000000CC
             13       000000DD
             14       000000EE
             15       00000100
             16       00000200
             17       00000300
             18       00000400
             19       00000500
             20       00000600
             21       00000700
             22       00000800
             23       00000900
             24       00000A00
             25       00000B00
             26       00000C00
             27       00000D00
             28       00000E00
             29       00000110
             30       00000220
             31       00000320
             32       00000420
             33       00000520
             34       0000AABA
             35       00000720
             36       0000AABA
             37       00000920
             38       00000A20
             39       00000B20
             40       00000C20
             41       00000D20
             42       00000E20
             43       00000F20
             44       00000330
             45       00000340
             46       00000350
             47       00000360
       00000000
              0       00000055
              1       000000AA
              2       00000011
              3       00000033
              4       00000022
              5       00000044
              6       00000055
              7       00000066
              8       00000077
              9       00000088
             10       00000099
             11       000000BB
             12       000000CC
             13       000000DD
             14       000000EE
             15       00000100
             16       00000200
             17       00000300
             18       00000400
             19       00000500
             20       00000600
             21       00000700
             22       00000800
             23       00000900
             24       00000A00
             25       00000B00
             26       00000C00
             27       00000D00
             28       00000E00
             29       00000110
             30       00000220
             31       00000320
             32       00000420
             33       00000520
             34       0000AABA
             35       00000720
             36       0000AABA
             37       00000920
             38       00000A20
             39       00000B20
             40       00000C20
             41       00000D20
             42       00000E20
             43       00000F20
             44       00000330
             45       00000340
             46       00000350
             47       00000360
       00000000
              0       00000055
              1       000000AA
              2       00000011
              3       00000033
              4       00000022
              5       00000044
              6       00000055
              7       00000066
              8       00000077
              9       00000088
             10       00000099
             11       000000BB
             12       000000CC
             13       000000DD
             14       000000EE
             15       00000100
             16       00000200
             17       00000300
             18       00000400
             19       00000500
             20       00000600
             21       00000700
             22       00000800
             23       00000900
             24       00000A00
             25       00000B00
             26       00000C00
             27       00000D00
             28       00000E00
             29       00000110
             30       00000220
             31       00000320
             32       00000420
             33       00000520
             34       0000AABA
             35       00000720
             36       0000AABA
             37       00000920
             38       00000A20
             39       00000B20
             40       00000C20
             41       00000D20
             42       00000E20
             43       00000F20
             44       00000330
             45       00000340
             46       00000350
             47       00000360
       00000000
              0       00000055
              1       000000AA
              2       00000011
              3       00000033
              4       00000022
              5       00000044
              6       00000055
              7       00000066
              8       00000077
              9       00000088
             10       00000099
             11       000000BB
             12       000000CC
             13       000000DD
             14       000000EE
             15       00000100
             16       00000200
             17       00000300
             18       00000400
             19       00000500
             20       00000600
             21       00000700
             22       00000800
             23       00000900
             24       00000A00
             25       00000B00
             26       00000C00
             27       00000D00
             28       00000E00
             29       00000110
             30       00000220
             31       00000320
             32       00000420
             33       00000520
             34       0000AABA
             35       00000720
             36       0000AABA
             37       00000920
             38       00000A20
             39       00000B20
             40       00000C20
             41       00000D20
             42       00000E20
             43       00000F20
             44       00000330
             45       00000340
             46       00000350
             47       00000360
