       00000000
              0       00000000
              1       00000002
              2       00000003
              3       00000004
              4       00000005
              5       00000006
              6       00000007
              7       00000008
              8       00000009
              9       0000000A
             10       0000000B
             11       0000000C
             12       0000000D
             13       0000000E
             14       00000010
             15       00000011
             16       00000012
             17       00000000
             18       00000001
             19       00000002
             20       00000000
             21       00008000
             22       000000FF
             23       00000000
             24       00000000
             25       0000AAAA
             26       00000000
             27       00000009
             28       00000000
             29       00000000
             30       00000004
             31       0000AABA
       00000000
              0       00000000
              1       00000002
              2       00000003
              3       00000004
              4       00000005
              5       00000006
              6       00000007
              7       00000008
              8       00000009
              9       0000000A
             10       0000000B
             11       0000000C
             12       0000000D
             13       0000000E
             14       00000010
             15       00000011
             16       00000012
             17       00000000
             18       00000001
             19       00000002
             20       00000000
             21       00008000
             22       000000FF
             23       00000000
             24       00000000
             25       0000AAAA
             26       00000000
             27       00000009
             28       00000000
             29       00000000
             30       00000004
             31       0000AABA
       00000000
              0       00000000
              1       00000002
              2       00000003
              3       00000004
              4       00000005
              5       00000006
              6       00000007
              7       00000008
              8       00000009
              9       0000000A
             10       0000000B
             11       0000000C
             12       0000000D
             13       0000000E
             14       00000010
             15       00000011
             16       00000012
             17       00000000
             18       00000001
             19       00000002
             20       00000000
             21       00008000
             22       000000FF
             23       00000000
             24       00000000
             25       0000AAAA
             26       00000000
             27       00000009
             28       00000000
             29       00000000
             30       00000004
             31       0000AABA
       00000000
              0       00000000
              1       00000002
              2       00000003
              3       00000004
              4       00000005
              5       00000006
              6       00000007
              7       00000008
              8       00000009
              9       0000000A
             10       0000000B
             11       0000000C
             12       0000000D
             13       0000000E
             14       00000010
             15       00000011
             16       00000012
             17       00000000
             18       00000001
             19       00000002
             20       00000000
             21       00008000
             22       000000FF
             23       00000000
             24       00000000
             25       0000AAAA
             26       00000000
             27       00000009
             28       00000000
             29       00000000
             30       00000004
             31       0000AABA
       00000000
              0       00000000
              1       00000002
              2       00000003
              3       00000004
              4       00000005
              5       00000006
              6       00000007
              7       00000008
              8       00000009
              9       0000000A
             10       0000000B
             11       0000000C
             12       0000000D
             13       0000000E
             14       00000010
             15       00000011
             16       00000012
             17       00000000
             18       00000001
             19       00000002
             20       00000000
             21       00008000
             22       000000FF
             23       00000000
             24       00000000
             25       0000AAAA
             26       00000000
             27       00000009
             28       00000000
             29       00000000
             30       00000004
             31       0000AABA
       00000000
              0       00000000
              1       00000002
              2       00000003
              3       00000004
              4       00000005
              5       00000006
              6       00000007
              7       00000008
              8       00000009
              9       0000000A
             10       0000000B
             11       0000000C
             12       0000000D
             13       0000000E
             14       00000010
             15       00000011
             16       00000012
             17       00000000
             18       00000001
             19       00000002
             20       FFFFFFFF
             21       00008000
             22       000000FF
             23       00000000
             24       00000000
             25       0000AAAA
             26       00000000
             27       00000009
             28       00000000
             29       00000000
             30       00000004
             31       0000AABA
       00000004
              0       00000000
              1       00000002
              2       00000003
              3       00000004
              4       00000005
              5       00000006
              6       00000007
              7       00000008
              8       00000009
              9       0000000A
             10       0000000B
             11       0000000C
             12       0000000D
             13       0000000E
             14       00000010
             15       00000011
             16       00000012
             17       00000000
             18       00000001
             19       00000002
             20       00000003
             21       00008000
             22       000000FF
             23       00000000
             24       00000000
             25       0000AAAA
             26       00000000
             27       00000009
             28       00000000
             29       00000000
             30       00000004
             31       0000AABA
       00000004
              0       00000000
              1       00000002
              2       00000003
              3       00000004
              4       00000005
              5       00000006
              6       00000007
              7       00000008
              8       00000009
              9       0000000A
             10       0000000B
             11       0000000C
             12       0000000D
             13       0000000E
             14       00000010
             15       00000011
             16       00000012
             17       00000000
             18       00000001
             19       00000002
             20       00000003
             21       00008000
             22       000000FF
             23       00000003
             24       00000000
             25       0000AAAA
             26       00000000
             27       00000009
             28       00000000
             29       00000000
             30       00000004
             31       0000AABA
       00000008
              0       00000000
              1       00000002
              2       00000003
              3       00000004
              4       00000005
              5       00000006
              6       00000007
              7       00000008
              8       00000009
              9       0000000A
             10       0000000B
             11       0000000C
             12       0000000D
             13       0000000E
             14       00000010
             15       00000011
             16       00000012
             17       00000000
             18       00000001
             19       00000002
             20       00000003
             21       00008000
             22       000000FF
             23       00007F01
             24       00000000
             25       0000AAAA
             26       00000000
             27       00000009
             28       00000000
             29       00000000
             30       00000004
             31       0000AABA
       00000008
              0       00000000
              1       00000002
              2       00000003
              3       00000004
              4       00000005
              5       00000006
              6       00000007
              7       00000008
              8       00000009
              9       0000000A
             10       0000000B
             11       0000000C
             12       0000000D
             13       0000000E
             14       00000010
             15       00000011
             16       00000012
             17       00000000
             18       00000001
             19       00000002
             20       00000003
             21       00008000
             22       000000FF
             23       00007F01
             24       00007F01
             25       0000AAAA
             26       00000000
             27       00000009
             28       00000000
             29       00000000
             30       00000004
             31       0000AABA
       0000000C
              0       00000000
              1       00000002
              2       00000003
              3       00000004
              4       00000005
              5       00000006
              6       00000007
              7       00000008
              8       00000009
              9       0000000A
             10       0000000B
             11       0000000C
             12       0000000D
             13       0000000E
             14       00000010
             15       00000011
             16       00000012
             17       00000000
             18       00000001
             19       00000002
             20       00000003
             21       00008000
             22       000000FF
             23       00007F01
             24       00000002
             25       0000AAAA
             26       00000000
             27       00000009
             28       00000000
             29       00000000
             30       00000004
             31       0000AABA
       0000000C
              0       00000000
              1       00000002
              2       00000003
              3       00000004
              4       00000005
              5       00000006
              6       00000007
              7       00000008
              8       00000009
              9       0000000A
             10       0000000B
             11       0000000C
             12       0000000D
             13       0000000E
             14       00000010
             15       00000011
             16       00000012
             17       00000000
             18       00000001
             19       00000002
             20       00000003
             21       00008000
             22       000000FF
             23       00007F01
             24       00000002
             25       0000AAAA
             26       00000002
             27       00000009
             28       00000000
             29       00000000
             30       00000004
             31       0000AABA
       00000010
              0       00000000
              1       00000002
              2       00000003
              3       00000004
              4       00000005
              5       00000006
              6       00000007
              7       00000008
              8       00000009
              9       0000000A
             10       0000000B
             11       0000000C
             12       0000000D
             13       0000000E
             14       00000010
             15       00000011
             16       00000012
             17       00000000
             18       00000001
             19       00000002
             20       00000003
             21       00008000
             22       000000FF
             23       00007F01
             24       00000002
             25       0000AAAA
             26       0000AAFF
             27       00000009
             28       00000000
             29       00000000
             30       00000004
             31       0000AABA
       00000010
              0       00000000
              1       00000002
              2       00000003
              3       00000004
              4       00000005
              5       00000006
              6       00000007
              7       00000008
              8       00000009
              9       0000000A
             10       0000000B
             11       0000000C
             12       0000000D
             13       0000000E
             14       00000010
             15       00000011
             16       00000012
             17       00000000
             18       00000001
             19       00000002
             20       00000003
             21       00008000
             22       000000FF
             23       00007F01
             24       00000002
             25       0000AAAA
             26       0000AAFF
             27       00000009
             28       0000AAFF
             29       00000000
             30       00000004
             31       0000AABA
       00000010
              0       00000000
              1       00000002
              2       00000003
              3       00000004
              4       00000005
              5       00000006
              6       00000007
              7       00000008
              8       00000009
              9       0000000A
             10       0000000B
             11       0000000C
             12       0000000D
             13       0000000E
             14       00000010
             15       00000011
             16       00000012
             17       00000000
             18       00000001
             19       00000002
             20       00000003
             21       00008000
             22       000000FF
             23       00007F01
             24       00000002
             25       0000AAAA
             26       0000AAFF
             27       00000009
             28       FFFFFFFD
             29       00000000
             30       00000004
             31       0000AABA
       00000014
              0       00000000
              1       00000002
              2       00000003
              3       00000004
              4       00000005
              5       00000006
              6       00000007
              7       00000008
              8       00000009
              9       0000000A
             10       0000000B
             11       0000000C
             12       0000000D
             13       0000000E
             14       00000010
             15       00000011
             16       00000012
             17       00000000
             18       00000001
             19       00000002
             20       00000003
             21       00008000
             22       000000FF
             23       00007F01
             24       00000002
             25       0000AAAA
             26       0000AAFF
             27       00000009
             28       00000006
             29       00000000
             30       00000004
             31       0000AABA
       00000014
              0       00000000
              1       00000002
              2       00000003
              3       00000004
              4       00000005
              5       00000006
              6       00000007
              7       00000008
              8       00000009
              9       0000000A
             10       0000000B
             11       0000000C
             12       0000000D
             13       0000000E
             14       00000010
             15       00000011
             16       00000012
             17       00000000
             18       00000001
             19       00000002
             20       00000003
             21       00008000
             22       000000FF
             23       00007F01
             24       00000002
             25       0000AAAA
             26       0000AAFF
             27       00000009
             28       00000006
             29       00000006
             30       00000004
             31       0000AABA
       00000018
              0       00000000
              1       00000002
              2       00000003
              3       00000004
              4       00000005
              5       00000006
              6       00000007
              7       00000008
              8       00000009
              9       0000000A
             10       0000000B
             11       0000000C
             12       0000000D
             13       0000000E
             14       00000010
             15       00000011
             16       00000012
             17       00000000
             18       00000001
             19       00000002
             20       00000003
             21       00008000
             22       000000FF
             23       00007F01
             24       00000002
             25       0000AAAA
             26       0000AAFF
             27       00000009
             28       00000006
             29       00000820
             30       00000004
             31       0000AABA
       00000018
              0       00000820
              1       00000002
              2       00000003
              3       00000004
              4       00000005
              5       00000006
              6       00000007
              7       00000008
              8       00000009
              9       0000000A
             10       0000000B
             11       0000000C
             12       0000000D
             13       0000000E
             14       00000010
             15       00000011
             16       00000012
             17       00000000
             18       00000001
             19       00000002
             20       00000003
             21       00008000
             22       000000FF
             23       00007F01
             24       00000002
             25       0000AAAA
             26       0000AAFF
             27       00000009
             28       00000006
             29       00000820
             30       00000004
             31       0000AABA
       00000018
              0       00000820
              1       00000002
              2       00000003
              3       00000004
              4       00000005
              5       00000006
              6       00000007
              7       00000008
              8       00000009
              9       0000000A
             10       0000000B
             11       0000000C
             12       0000000D
             13       0000000E
             14       00000010
             15       00000011
             16       00000012
             17       00000000
             18       00000001
             19       00000002
             20       00000003
             21       00008000
             22       000000FF
             23       00007F01
             24       00000002
             25       0000AAAA
             26       0000AAFF
             27       00000009
             28       00000006
             29       00000820
             30       00000004
             31       0000AABA
       00000018
              0       00000820
              1       00000002
              2       00000003
              3       00000004
              4       00000005
              5       00000006
              6       00000007
              7       00000008
              8       00000009
              9       0000000A
             10       0000000B
             11       0000000C
             12       0000000D
             13       0000000E
             14       00000010
             15       00000011
             16       00000012
             17       00000000
             18       00000001
             19       00000002
             20       00000003
             21       00008000
             22       000000FF
             23       00007F01
             24       00000002
             25       0000AAAA
             26       0000AAFF
             27       00000009
             28       00000006
             29       00000820
             30       00000004
             31       0000AABA
       0000001C
              0       00000820
              1       00000002
              2       00000003
              3       00000004
              4       00000005
              5       00000006
              6       00000007
              7       00000008
              8       00000009
              9       0000000A
             10       0000000B
             11       0000000C
             12       0000000D
             13       0000000E
             14       00000010
             15       00000011
             16       00000012
             17       00000000
             18       00000001
             19       00000002
             20       00000003
             21       00008000
             22       000000FF
             23       00007F01
             24       00000002
             25       0000AAAA
             26       0000AAFF
             27       00000009
             28       00000006
             29       00000820
             30       00000004
             31       0000AABA
       0000001C
              0       00000820
              1       00000002
              2       00000003
              3       00000004
              4       00000005
              5       00000006
              6       00000007
              7       00000008
              8       00000009
              9       0000000A
             10       0000000B
             11       0000000C
             12       0000000D
             13       0000000E
             14       00000010
             15       00000011
             16       00000012
             17       00000000
             18       00000001
             19       00000002
             20       00000003
             21       00008000
             22       000000FF
             23       00007F01
             24       00000002
             25       0000AAAA
             26       0000AAFF
             27       00000009
             28       00000006
             29       00000820
             30       00000004
             31       0000AABA
       0000001C
              0       00000820
              1       00000002
              2       00000003
              3       00000004
              4       00000005
              5       00000006
              6       00000007
              7       00000008
              8       00000009
              9       0000000A
             10       0000000B
             11       0000000C
             12       0000000D
             13       0000000E
             14       00000010
             15       00000011
             16       00000012
             17       00000000
             18       00000001
             19       00000002
             20       00000003
             21       00008000
             22       000000FF
             23       00007F01
             24       00000002
             25       0000AAAA
             26       0000AAFF
             27       00000009
             28       00000006
             29       00000820
             30       00000004
             31       0000AABA
       00000020
              0       00000820
              1       00000002
              2       00000003
              3       00000004
              4       00000005
              5       00000006
              6       00000007
              7       00000008
              8       00000009
              9       0000000A
             10       0000000B
             11       0000000C
             12       0000000D
             13       0000000E
             14       00000010
             15       00000011
             16       00000012
             17       00000000
             18       00000001
             19       00000002
             20       00000003
             21       00008000
             22       000000FF
             23       00007F01
             24       00000002
             25       0000AAAA
             26       0000AAFF
             27       00000009
             28       00000006
             29       00000820
             30       00000004
             31       0000AABA
       00000020
              0       00000820
              1       00000002
              2       00000003
              3       00000004
              4       00000005
              5       00000006
              6       00000007
              7       00000008
              8       00000009
              9       0000000A
             10       0000000B
             11       0000000C
             12       0000000D
             13       0000000E
             14       00000010
             15       00000011
             16       00000012
             17       00000000
             18       00000001
             19       00000002
             20       00000003
             21       00008000
             22       000000FF
             23       00007F01
             24       00000002
             25       0000AAAA
             26       0000AAFF
             27       00000009
             28       00000006
             29       00000820
             30       00000004
             31       0000AABA
       00000000
              0       00000820
              1       00000002
              2       00000003
              3       00000004
              4       00000005
              5       00000006
              6       00000007
              7       00000008
              8       00000009
              9       0000000A
             10       0000000B
             11       0000000C
             12       0000000D
             13       0000000E
             14       00000010
             15       00000011
             16       00000012
             17       00000000
             18       00000001
             19       00000002
             20       00000003
             21       00008000
             22       000000FF
             23       00007F01
             24       00000002
             25       0000AAAA
             26       0000AAFF
             27       00000009
             28       00000006
             29       00000820
             30       00000004
             31       0000AABA
       00000000
              0       00000820
              1       00000002
              2       00000003
              3       00000004
              4       00000005
              5       00000006
              6       00000007
              7       00000008
              8       00000009
              9       0000000A
             10       0000000B
             11       0000000C
             12       0000000D
             13       0000000E
             14       00000010
             15       00000011
             16       00000012
             17       00000000
             18       00000001
             19       00000002
             20       00000003
             21       00008000
             22       000000FF
             23       00007F01
             24       00000002
             25       0000AAAA
             26       0000AAFF
             27       00000009
             28       00000006
             29       00000820
             30       00000004
             31       0000AABA
       00000000
              0       00000820
              1       00000002
              2       00000003
              3       00000004
              4       00000005
              5       00000006
              6       00000007
              7       00000008
              8       00000009
              9       0000000A
             10       0000000B
             11       0000000C
             12       0000000D
             13       0000000E
             14       00000010
             15       00000011
             16       00000012
             17       00000000
             18       00000001
             19       00000002
             20       00000000
             21       00008000
             22       000000FF
             23       00007F01
             24       00000002
             25       0000AAAA
             26       0000AAFF
             27       00000009
             28       00000006
             29       00000820
             30       00000004
             31       0000AABA
       00000000
              0       00000820
              1       00000002
              2       00000003
              3       00000004
              4       00000005
              5       00000006
              6       00000007
              7       00000008
              8       00000009
              9       0000000A
             10       0000000B
             11       0000000C
             12       0000000D
             13       0000000E
             14       00000010
             15       00000011
             16       00000012
             17       00000000
             18       00000001
             19       00000002
             20       FFFFFFFF
             21       00008000
             22       000000FF
             23       00007F01
             24       00000002
             25       0000AAAA
             26       0000AAFF
             27       00000009
             28       00000006
             29       00000820
             30       00000004
             31       0000AABA
